podhale;33738
accomplish;50976,66390
galois;45140
bradenham;29682
chouzenoux;68772
pseudolaosensis;36068
shaddad;80214
macleandoris;45843,45870
vonhayat;70338
pygmaea;44578,55413,70525,75297,82426,85708,85849
blot;58538,86776
paraprofessionals;13527
possibile;62490
gyllenhal;29489,29502
pld;83262
standoff;30782
dalen;12283,12999
zelenodolsk;31693,77857
expelled;40518,43877,70807
polkinghorne;29435
fallax;29486,67794
polarization;21425,22503,44572,51346,62113
oyal;73341
haut;29525,57752,59879,70429
pachora;21613,21698,22207
ballot;19109,31767,39141,64721,81778
pectoralis;64104
barracuda;52350
dipple;11995
farnham;77463
hypnosis;28340
hardmounted;39239
carola;48020
littleport;28217
hanimefendi;15391,16142,16211
walworth;23511,44337,60016
exemption;45024,68369
frontal;83270,85418
pouyann;62558
cavaliers;12447,12550,17531,19669,20357,23412,24330,25418,29270,31766,31990,42134,69324,73909,74512,74612,74633,77148,77162,80836,81552,81568,81638,82033
territorial;18023,22459,28985,31349,31740,36726,38300,42281,42290,45669,46361,49722,52353,54023,55254,57375,57728,60939,60955,77016,84264
portrayed;13511,39563,44744,47589,49476,49818,53096,79053,80584,85282,86688
novod;70354
ogra;74993
shammari;35933
muthoot;77133
economical;13104,44992,84116
lowland;17680,18270,25907,55837,56743,61715,64616,73337
maryborough;21657,22073,50722,59548,77455
abutoq;79931
pulur;18894
forwards;50026,81993
hilario;18761
compact;14937,19533,21295,21722,22898,26612,33273,41581,46037,57854,60066,63876,64051,64316,66215,78021
malama;55948
amazulu;54500
sechehaye;55511
dhanga;21588
endurance;32763,45277,45980,49357,60493,64168,82974
topalian;62636
chuncheon;57166,80723,80750
popoto;38710
dantonpablo;25196
pondicherry;16537
xanthochyta;47534
carallia;38620
prohibiting;25785,51582
emboaca;45716
petaling;40905
sphingonaepiopsis;23699,23702
dufrane;62850
kofod;21697
ideological;11980,43748
hlav;27824
camphorae;46026
cooley;49757,51201,75904
heerhugowaard;14998
disciplined;16458
dollar;17054,22113,40633,44283,44943,45884,50033,60686,61243,61954,68946,69704,69774,72577,73460,75601
pieve;76973,79950,84713
unhampered;33068
ockwell;50673
compromised;34587
molpadicola;19277
halteman;79016
brad;20630,20673,37637,52044,57571,58361,60230,68425,77510,79812
chopra;32289,69447
svod;37054
placendalis;62076
himmerland;55431
apartheid;15234,73342
brahmaanda;78581
collpacaja;19022
hochschule;23374,47800,47813
divisionen;77425
filippo;17805,18789,19395,38114,64156,75599,78771,84656
lulaj;17527
colspan;64680
goods;12423,12948,14187,14261,14599,14925,15475,17141,18937,19559,19843,20165,20417,22411,23581,24787,25511,26365,26879,26986,28124,31488,32843,41098,50636,54060,56771,62597,62901,66461,73789,75720,78683,82495,82968,83047,85866
larc;20063