podhale;33738
accomplish;50976,66390
galois;45140
bradenham;29682
chouzenoux;68772
pseudolaosensis;36068
shaddad;80214
macleandoris;45843,45870
vonhayat;70338
pygmaea;44578,55413,70525,75297,82426,85708,85849
blot;58538,86776
paraprofessionals;13527
possibile;62490
gyllenhal;29489,29502
pld;83262
standoff;30782
dalen;12283,12999
zelenodolsk;31693,77857
expelled;40518,43877,70807
polkinghorne;29435
fallax;29486,67794
polarization;21425,22503,44572,51346,62113
oyal;73341
haut;29525,57752,59879,70429
pachora;21613,21698,22207
ballot;19109,31767,39141,64721,81778
pectoralis;64104
barracuda;52350
dipple;11995
farnham;77463
hypnosis;28340
hardmounted;39239
carola;48020
littleport;28217
hanimefendi;15391,16142,16211
walworth;23511,44337,60016
exemption;45024,68369
frontal;83270,85418
pouyann;62558
cavaliers;12447,12550,17531,19669,20357,23412,24330,25418,29270,31766,31990,42134,69324,73909,74512,74612,74633,77148,77162,80836,81552,81568,81638,82033
territorial;18023,22459,28985,31349,31740,36726,38300,42281,42290,45669,46361,49722,52353,54023,55254,57375,57728,60939,60955,77016,84264
portrayed;13511,39563,44744,47589,49476,49818,53096,79053,80584,85282,86688
novod;70354
ogra;74993
shammari;35933
muthoot;77133
economical;13104,44992,84116
lowland;17680,18270,25907,55837,56743,61715,64616,73337
maryborough;21657,22073,50722,59548,77455
abutoq;79931